Iteration	CPUTime	PhysTime	Travels	Value	AvValue	MinValue	MaxValue	Delta	Criteria	Progress	dGMaxMin	CriteriaType	CriteriaVarType	CriteriaPercentage
1	1	0	0.025	293.199994	293.199994	293.199994	293.199994	0	0	0	0.000545981	0	0	3
2	1	0	0.05	293.199993	293.199994	293.199993	293.199994	2.93273501e-007	0	0	0.000922676	0	0	3
3	1	0	0.075	293.199993	293.199994	293.199993	293.199994	4.7920463e-007	0	0	0.0012588	0	0	3
4	2	0	0.1	293.199993	293.199994	293.199993	293.199994	5.08834432e-007	0	0	0.00151125	0	0	3
5	2	0	0.125	293.199993	293.199994	293.199993	293.199994	5.63525418e-007	0	0	0.00169962	0	0	3
6	2	0	0.15	293.199994	293.199994	293.199993	293.199994	5.63525418e-007	0	0	0.00189679	0	0	3
7	2	0	0.175	293.199994	293.199994	293.199993	293.199994	5.63525418e-007	0	0	0.00213488	0	0	3
8	2	0	0.2	293.199994	293.199994	293.199993	293.199994	5.63525418e-007	0	0	0.00227352	0	0	3
9	3	0	0.225	293.199993	293.199994	293.199993	293.199994	5.63525418e-007	0	0	0.00232403	0	0	3
10	3	0	0.25	293.199992	293.199993	293.199992	293.199994	6.42269185e-007	0	0	0.00230457	0	0	3
11	3	0	0.275	293.19999	293.199993	293.19999	293.199994	9.6053509e-007	0	0	0.00221921	0	0	3
12	3	0	0.3	293.199987	293.199993	293.199987	293.199994	1.48170983e-006	0	0	0.00220381	0	0	3
13	3	0	0.325	293.199983	293.199992	293.199983	293.199994	2.22759365e-006	0	0	0.00214702	0	0	3
14	4	0	0.35	293.199978	293.199991	293.199978	293.199994	3.19373538e-006	0	0	0.00205936	0	0	3
15	4	0	0.375	293.199973	293.19999	293.199973	293.199994	4.37621208e-006	0	0	0.00201218	0	0	3
16	4	0	0.4	293.199965	293.199988	293.199965	293.199994	5.93981542e-006	0	0	0.00194316	0	0	3
17	4	0	0.425	293.199956	293.199986	293.199956	293.199994	7.83359206e-006	0	0	0.00188972	0	0	3
18	5	0	0.45	293.199947	293.199984	293.199947	293.199994	9.98653491e-006	0	0	0.00185371	0	0	3
19	5	0	0.475	293.19994	293.199982	293.19994	293.199994	1.23220404e-005	0	0	0.00182631	0	0	3
20	5	0	0.5	293.199933	293.199979	293.199933	293.199994	1.475919e-005	0	0	0.00181471	0	0	3
21	5	0	0.525	293.199926	293.199976	293.199926	293.199994	1.78852445e-005	0	0	0.00178376	0	0	3
22	5	0	0.55	293.199921	293.199972	293.199921	293.199994	2.13573296e-005	0	0	0.00176985	0	0	3
23	6	0	0.575	293.199917	293.199968	293.199917	293.199994	2.51538403e-005	0	0	0.00175687	0	0	3
24	6	0	0.6	293.199915	293.199965	293.199915	293.199994	2.90705735e-005	0	0	0.00174092	0	0	3
25	6	0	0.625	293.199914	293.199961	293.199914	293.199994	3.30524568e-005	0	0	0.00172364	0	0	3
26	6	0	0.65	293.199912	293.199956	293.199912	293.199994	3.71265146e-005	0	0	0.00170403	0	0	3
27	6	0	0.675	293.199911	293.199952	293.199911	293.199994	4.12508817e-005	0	0	0.00168742	0	0	3
28	6	0	0.7	293.19991	293.199948	293.19991	293.199993	4.53762913e-005	0	0	0.00167295	0	0	3
29	7	0	0.725	293.199909	293.199944	293.199909	293.199992	4.9445973e-005	0	0	0.00166238	0	0	3
30	7	0	0.75	293.199908	293.19994	293.199908	293.19999	5.33249051e-005	0	0	0.00165565	0	0	3
31	7	0	0.775	293.199907	293.199936	293.199907	293.199987	5.69301039e-005	0	0	0.00164791	0	0	3
32	7	0	0.8	293.199907	293.199932	293.199907	293.199983	6.01954587e-005	0	0	0.0016403	0	0	3
33	7	0	0.825	293.199906	293.199928	293.199906	293.199978	6.3067722e-005	0	0	0.00163322	0	0	3
34	8	0	0.85	293.199906	293.199924	293.199906	293.199973	6.55127334e-005	0	0	0.00162702	0	0	3
35	8	0	0.875	293.199906	293.199921	293.199906	293.199965	5.9127221e-005	0	0	0.00162197	0	0	3
36	8	0	0.9	293.199905	293.199918	293.199905	293.199956	5.0581432e-005	0	0	0.00161725	0	0	3
37	8	0	0.925	293.199905	293.199915	293.199905	293.199947	4.22455766e-005	0	0	0.00161335	0	0	3
38	8	0	0.95	293.199905	293.199913	293.199905	293.19994	3.45105185e-005	0	0	0.00161102	0	0	3
39	8	0	0.975	293.199905	293.199911	293.199905	293.199933	2.7867655e-005	0	0	0.0016084	0	0	3
40	9	0	1	293.199905	293.19991	293.199905	293.199926	2.06236148e-005	1.33168348e-005	64.5	0.00160625	0	0	3
41	9	0	1.025	293.199905	293.199909	293.199905	293.199921	1.55852775e-005	1.33168348e-005	85.4	0.00160325	0	0	3
42	9	0	1.05	293.199905	293.199908	293.199905	293.199917	1.22975059e-005	1.33219806e-005	100	0.00160192	0	0	3
43	9	0	1.075	293.199905	293.199908	293.199905	293.199915	1.01622018e-005	1.3324486e-005	100	0.00160022	0	0	3
44	9	0	1.1	293.199905	293.199908	293.199905	293.199915	1.01622018e-005	1.33257386e-005	100	0.00159907	0	0	3
45	10	0	1.125	293.199905	293.199907	293.199905	293.199914	8.67463137e-006	1.33264902e-005	100	0.00159713	0	0	3
46	10	0	1.15	293.199905	293.199907	293.199905	293.199912	7.3285521e-006	1.33269913e-005	100	0.0015969	0	0	3
47	10	0	1.175	293.199905	293.199906	293.199905	293.199911	6.2361816e-006	1.33273492e-005	100	0.00159516	0	0	3
48	10	0	1.2	293.199905	293.199906	293.199905	293.19991	5.24564479e-006	1.33276176e-005	100	0.00159424	0	0	3
49	10	0	1.225	293.199905	293.199906	293.199905	293.199909	4.26479346e-006	1.33168348e-005	100	0.00159351	0	0	3
