Iteration	CPUTime	PhysTime	Travels	Value	AvValue	MinValue	MaxValue	Delta	Criteria	Progress	dGMaxMin	CriteriaType	CriteriaVarType	CriteriaPercentage
1	1	0	0.0212411247	997.561739	997.561739	997.561739	997.561739	0	0	0	0.000169938	0	0	3
2	2	0	0.0424822493	997.561739	997.561739	997.561739	997.561739	1.13686838e-013	0	0	0.000278051	0	0	3
3	2	0	0.063723374	997.561739	997.561739	997.561739	997.561739	1.13686838e-013	0	0	0.00035275	0	0	3
4	3	0	0.0849644986	997.561739	997.561739	997.561739	997.561739	1.13686838e-013	0	0	0.000404508	0	0	3
5	3	0	0.106205623	997.561739	997.561739	997.561739	997.561739	2.27373675e-013	0	0	0.000439491	0	0	3
6	4	0	0.127446748	997.561739	997.561739	997.561739	997.561739	2.27373675e-013	0	0	0.000470435	0	0	3
7	4	0	0.148687873	997.561739	997.561739	997.561739	997.561739	2.27373675e-013	0	0	0.000484478	0	0	3
8	5	0	0.169928997	997.561739	997.561739	997.561739	997.561739	2.27373675e-013	0	0	0.000514462	0	0	3
9	5	0	0.191170122	997.561739	997.561739	997.561739	997.561739	2.27373675e-013	0	0	0.000568604	0	0	3
10	5	0	0.212411247	997.561739	997.561739	997.561739	997.561739	2.27373675e-013	0	0	0.000617695	0	0	3
11	6	0	0.233652371	997.561739	997.561739	997.561739	997.561739	2.27373675e-013	0	0	0.000665727	0	0	3
12	6	0	0.254893496	997.561739	997.561739	997.561739	997.561739	2.27373675e-013	0	0	0.000610413	0	0	3
13	7	0	0.276134621	997.561739	997.561739	997.561739	997.561739	2.27373675e-013	0	0	0.000613899	0	0	3
14	7	0	0.297375745	997.561739	997.561739	997.561739	997.561739	2.27373675e-013	0	0	0.000649954	0	0	3
15	7	0	0.31861687	997.561739	997.561739	997.561739	997.561739	2.27373675e-013	0	0	0.000759012	0	0	3
16	8	0	0.339857994	997.561739	997.561739	997.561739	997.561739	2.27373675e-013	0	0	0.000777101	0	0	3
17	8	0	0.361099119	997.561739	997.561739	997.561739	997.561739	2.27373675e-013	0	0	0.000827453	0	0	3
18	9	0	0.382340244	997.561739	997.561739	997.561739	997.561739	3.41060513e-013	0	0	0.000848562	0	0	3
19	9	0	0.403581368	997.561739	997.561739	997.561739	997.561739	3.41060513e-013	0	0	0.000850163	0	0	3
20	10	0	0.424822493	997.561739	997.561739	997.561739	997.561739	3.41060513e-013	0	0	0.00084356	0	0	3
21	10	0	0.446063618	997.561739	997.561739	997.561739	997.561739	3.41060513e-013	0	0	0.000849591	0	0	3
22	11	0	0.467304742	997.561739	997.561739	997.561739	997.561739	3.41060513e-013	0	0	0.00084928	0	0	3
23	11	0	0.488545867	997.561739	997.561739	997.561739	997.561739	3.41060513e-013	0	0	0.000844166	0	0	3
24	11	0	0.509786992	997.561739	997.561739	997.561739	997.561739	4.54747351e-013	0	0	0.000838052	0	0	3
25	12	0	0.531028116	997.561739	997.561739	997.561739	997.561739	4.54747351e-013	0	0	0.000831865	0	0	3
26	12	0	0.552269241	997.561739	997.561739	997.561739	997.561739	4.54747351e-013	0	0	0.000832683	0	0	3
27	13	0	0.573510366	997.561739	997.561739	997.561739	997.561739	4.54747351e-013	0	0	0.000828164	0	0	3
28	13	0	0.59475149	997.561739	997.561739	997.561739	997.561739	4.54747351e-013	0	0	0.000821024	0	0	3
29	14	0	0.615992615	997.561739	997.561739	997.561739	997.561739	4.54747351e-013	0	0	0.000811705	0	0	3
30	14	0	0.63723374	997.561739	997.561739	997.561739	997.561739	4.54747351e-013	0	0	0.000802476	0	0	3
31	15	0	0.658474864	997.561739	997.561739	997.561739	997.561739	4.54747351e-013	0	0	0.000792753	0	0	3
32	15	0	0.679715989	997.561739	997.561739	997.561739	997.561739	4.54747351e-013	0	0	0.000783049	0	0	3
33	16	0	0.700957114	997.561739	997.561739	997.561739	997.561739	4.54747351e-013	0	0	0.000772032	0	0	3
34	16	0	0.722198238	997.561739	997.561739	997.561739	997.561739	4.54747351e-013	0	0	0.00076249	0	0	3
35	16	0	0.743439363	997.561739	997.561739	997.561739	997.561739	4.54747351e-013	0	0	0.000752385	0	0	3
36	17	0	0.764680488	997.561739	997.561739	997.561739	997.561739	4.54747351e-013	0	0	0.000745641	0	0	3
37	17	0	0.785921612	997.561739	997.561739	997.561739	997.561739	4.54747351e-013	0	0	0.00073724	0	0	3
38	18	0	0.807162737	997.561739	997.561739	997.561739	997.561739	4.54747351e-013	0	0	0.000728826	0	0	3
39	18	0	0.828403862	997.561739	997.561739	997.561739	997.561739	4.54747351e-013	0	0	0.000717889	0	0	3
40	19	0	0.849644986	997.561739	997.561739	997.561739	997.561739	4.54747351e-013	0	0	0.000703044	0	0	3
41	19	0	0.870886111	997.561739	997.561739	997.561739	997.561739	3.41060513e-013	0	0	0.000696743	0	0	3
42	20	0	0.892127235	997.561739	997.561739	997.561739	997.561739	4.54747351e-013	0	0	0.000692096	0	0	3
43	20	0	0.91336836	997.561739	997.561739	997.561739	997.561739	3.41060513e-013	0	0	0.000685264	0	0	3
44	20	0	0.934609485	997.561739	997.561739	997.561739	997.561739	3.41060513e-013	0	0	0.000680037	0	0	3
45	21	0	0.955850609	997.561739	997.561739	997.561739	997.561739	2.27373675e-013	0	0	0.000677732	0	0	3
46	21	0	0.977091734	997.561739	997.561739	997.561739	997.561739	2.27373675e-013	0	0	0.000676967	0	0	3
47	22	0	0.998332859	997.561739	997.561739	997.561739	997.561739	1.13686838e-013	0	0	0.000675866	0	0	3
48	22	0	1.01957398	997.561739	997.561739	997.561739	997.561739	1.13686838e-013	9.97561739e-006	0	0.000675394	0	0	3
